[[-18.902718736622294, 3.5325191734952543, -2.1207590414055013, -6.207269853757358, 8.303818917622413, 139.11740924041194, 9.661908515475913, 1.7187368452149403], [-18.902718736622294, 3.5325191734952543, -2.1207590414055013, -6.207269853757358, 8.303818917622413, 139.11740924041194, 9.661908515475913, 1.7187368452149403], [-18.902718736622294, 3.5325191734952543, -2.1207590414055013, -6.207269853757358, 8.303818917622413, 139.11740924041194, 9.661908515475913, 1.7187368452149403], [-18.902718736622294, 3.5325191734952543, -2.1207590414055013, -6.207269853757358, 8.303818917622413, 139.11740924041194, 9.661908515475913, 1.7187368452149403], [-18.902718736622294, 3.5325191734952543, -2.1207590414055013, -6.207269853757358, 8.303818917622413, 139.11740924041194, 9.661908515475913, 1.7187368452149403], [-18.902718736622294, 3.5325191734952543, -2.1207590414055013, -6.207269853757358, 8.303818917622413, 139.11740924041194, 9.661908515475913, 1.7187368452149403], [-18.902718736622294, 3.5325191734952543, -2.1207590414055013, -6.207269853757358, 8.303818917622413, 139.11740924041194, 9.661908515475913, 1.7187368452149403], [-18.902718736622294, 3.5325191734952543, -2.1207590414055013, -6.207269853757358, 8.303818917622413, 139.11740924041194, 9.661908515475913, 1.7187368452149403], [-18.902718736622294, 3.5325191734952543, -2.1207590414055013, -6.207269853757358, 8.303818917622413, 139.11740924041194, 9.661908515475913, 1.7187368452149403], [-18.902718736622294, 3.5325191734952543, -2.1207590414055013, -6.207269853757358, 8.303818917622413, 139.11740924041194, 9.661908515475913, 1.7187368452149403]]












[[-16.91585822186874, -9.062535798255029, 8.826841575468919, 13.134050846598603, 5.3999662460067155, 107.17660196984967, 6.117657532505485, 1.6444357636550748], [-16.91585822186874, -9.062535798255029, 8.826841575468919, 13.134050846598603, 5.3999662460067155, 107.17660196984967, 6.117657532505485, 1.6444357636550748], [-16.91585822186874, -9.062535798255029, 8.826841575468919, 13.134050846598603, 5.3999662460067155, 107.17660196984967, 6.117657532505485, 1.6444357636550748], [-11.30083921636425, -7.876422767421715, 8.826841575468919, 7.533970082338145, 5.3999662460067155, 107.17660196984967, 6.117657532505485, 1.6444357636550748], [-11.30083921636425, -7.876422767421715, 8.826841575468919, 7.533970082338145, 5.3999662460067155, 107.17660196984967, 6.117657532505485, 1.6444357636550748], [-11.30083921636425, -7.876422767421715, 8.826841575468919, 7.533970082338145, 5.3999662460067155, 107.17660196984967, 6.117657532505485, 1.6444357636550748], [-11.30083921636425, -7.876422767421715, 8.826841575468919, 7.533970082338145, 5.3999662460067155, 107.17660196984967, 6.117657532505485, 1.6444357636550748], [-11.30083921636425, -7.876422767421715, 8.826841575468919, 7.533970082338145, 5.3999662460067155, 107.17660196984967, 6.117657532505485, 1.6444357636550748], [-11.30083921636425, -7.876422767421715, 8.826841575468919, 7.533970082338145, 5.3999662460067155, 107.17660196984967, 6.117657532505485, 1.6444357636550748], [-11.30083921636425, -7.876422767421715, 8.826841575468919, 7.533970082338145, 5.3999662460067155, 107.17660196984967, 6.117657532505485, 1.6444357636550748]]